30
47 969 309 325 405 491 251 317 940 99 425 833 541 464 386 593 905 713 602 151 377 427 449 396 588 446 323 979 504 950 943 480 518 579 340 439 833 760 33 263 225 397 782 912 197 973 780 531
99 16 282 709 162 325 336 454 693 649 703 703 460 314 435 570 839 633 607 585 917 150 693 203 707 781 334 346 309 583 750 364 564 155 588 437 746 995 733 815 767 992 270 449 429 553 355 610 512 824 438 897 921 38 582 436 24 659 163 610 623 361 578 507 175 494 893 653 377 193 184 229 364 145 138 743 197 199 369 619 360 521 978 790 912 146 563 215 122 889 596 941 197 16 628 6 924 262 240 337
20 624 962 412 415 312 308 243 271 145 169 62 176 553 611 850 220 968 872 59 760
43 409 263 123 634 197 436 393 1 762 616 560 825 614 309 308 207 125 38 862 837 305 168 947 401 276 692 345 572 15 211 133 28 805 185 746 359 666 143 235 673 974 751 57
65 51 913 207 761 264 971 23 242 668 987 848 389 294 893 564 488 808 3 306 363 371 7 279 281 134 190 224 352 255 679 528 187 444 338 697 996 316 100 340 968 900 36 170 837 997 155 975 122 135 734 286 810 54 766 499 741 477 406 721 579 111 246 613 468 312
94 632 156 787 331 344 210 43 379 234 996 357 518 333 792 56 49 112 975 711 377 53 942 804 562 807 34 134 920 76 857 902 159 372 235 847 34 341 84 90 556 215 487 694 773 184 903 404 199 788 331 934 204 288 10 499 927 929 164 581 337 802 483 840 476 731 168 664 879 42 884 542 316 337 76 452 332 64 253 59 828 705 398 713 103 720 431 761 612 38 582 306 977 932 497
6 175 577 131 45 120 695
61 189 752 456 239 394 922 288 813 503 222 32 667 780 177 776 611 78 636 148 631 140 381 163 454 318 416 508 855 71 314 896 266 514 46 488 701 806 107 463 400 833 169 209 827 893 93 672 858 562 227 656 151 189 629 461 455 286 421 778 4 571
46 360 517 7 714 57 868 173 441 870 256 328 280 641 877 671 116 713 139 889 977 602 486 976 760 65 699 474 778 133 13 621 793 989 560 503 619 496 972 674 817 202 450 81 410 300 544
64 138 548 316 211 309 999 469 429 416 989 710 206 441 956 978 869 1 648 850 765 358 192 337 820 453 845 164 244 713 531 598 576 701 212 478 980 675 341 499 569 919 331 357 675 936 613 81 542 44 723 815 654 357 921 788 919 58 916 879 656 739 834 297 606
91 151 293 434 500 251 754 10 832 578 15 955 140 117 939 313 135 961 136 481 621 360 82 688 583 826 391 841 477 356 475 163 437 887 707 892 599 217 183 103 920 969 95 892 823 996 994 596 813 357 657 757 968 548 608 961 966 520 502 424 323 558 647 249 822 542 908 81 569 813 533 647 948 180 359 646 968 382 287 764 104 610 777 136 321 832 51 299 43 606 477 913
38 103 594 437 671 403 141 481 826 369 151 607 496 14 686 143 449 901 407 213 245 797 874 777 913 659 979 716 559 252 999 633 561 93 446 1000 634 147 574
77 48 609 554 507 211 231 279 93 284 242 908 905 809 449 906 898 733 495 465 118 119 893 812 797 193 529 93 52 752 624 615 407 237 635 724 570 690 220 830 379 910 168 229 745 625 119 57 947 37 155 558 540 122 767 377 939 305 676 727 160 486 870 585 652 747 238 159 994 366 950 558 44 791 984 465 57 80
34 895 995 43 652 825 757 340 771 692 322 565 585 542 228 136 16 602 404 232 286 578 623 108 968 623 691 859 112 517 296 867 265 310 990
75 816 238 718 908 290 112 881 343 287 602 851 503 676 557 902 368 252 267 566 99 406 219 624 218 197 537 910 907 429 191 567 910 660 540 209 273 965 15 824 668 251 517 430 897 558 721 94 420 594 674 593 105 384 996 83 948 508 861 327 772 398 281 497 358 683 869 469 760 428 149 782 921 513 995 548
40 499 820 192 344 913 199 911 482 406 651 579 228 862 127 463 237 981 703 454 267 1 418 693 353 823 567 375 601 316 388 294 375 263 641 568 459 720 768 680 978
56 585 779 312 990 9 396 455 453 523 178 719 692 165 694 706 949 518 527 786 121 906 516 876 593 754 696 586 6 274 273 466 70 762 195 808 248 882 31 703 920 98 693 694 494 847 677 604 980 253 201 584 751 963 696 253 18
3 925 895 875
21 769 429 796 635 671 443 506 922 943 603 31 686 461 244 311 523 212 32 528 814 877
69 498 614 16 690 692 676 928 239 575 719 954 752 123 367 563 87 519 545 796 579 269 243 837 786 783 945 786 274 910 406 870 409 80 129 103 574 450 615 438 801 992 856 904 461 505 946 623 106 166 593 588 619 934 598 457 958 42 456 325 368 908 755 433 341 169 432 141 217 99
42 613 994 637 351 741 817 167 646 586 638 346 418 289 460 663 165 294 894 145 15 689 168 685 144 737 921 864 776 957 473 34 907 821 303 707 212 436 377 279 623 185 327
17 105 367 41 316 902 973 290 685 226 977 922 499 512 759 882 645 237
30 586 852 296 317 67 519 903 239 355 501 761 353 947 601 114 673 595 522 777 696 347 710 972 390 361 349 74 557 389 954
67 837 314 829 142 938 396 782 723 78 228 870 270 79 276 781 972 308 419 767 303 51 651 2 111 196 715 52 670 418 336 941 625 546 604 658 902 548 487 810 273 396 238 842 106 987 514 812 537 791 866 544 788 972 738 381 393 762 205 694 756 177 442 911 560 916 290 900
69 791 423 284 945 32 85 46 9 154 898 737 78 592 901 771 450 303 833 985 431 820 389 308 739 866 514 834 737 446 300 572 216 673 471 918 256 493 124 662 607 796 120 908 268 8 603 572 288 310 779 613 965 603 59 876 782 214 141 377 50 33 484 129 23 486 19 167 683 827
61 10 357 890 51 933 534 16 320 867 489 781 736 977 935 838 907 768 570 900 617 334 621 183 32 130 396 682 816 849 700 434 512 393 227 868 481 55 503 335 612 171 729 218 842 611 581 356 187 119 991 49 447 49 892 216 724 183 466 656 449 646
97 0 921 700 892 55 959 251 668 873 90 378 644 69 904 128 860 304 642 855 717 828 285 716 380 737 465 957 89 224 94 466 8 132 226 705 760 350 725 27 322 866 104 952 683 7 638 190 954 569 517 703 259 972 296 431 744 372 759 518 975 773 199 740 217 66 240 837 340 841 690 419 686 178 843 499 765 234 999 451 213 492 305 641 342 852 236 859 943 392 278 582 728 287 307 806 115 779
51 378 302 198 447 299 637 584 146 502 341 606 237 809 48 585 223 10 438 932 673 635 29 188 57 485 989 220 172 589 97 271 139 647 988 536 648 984 939 971 902 833 563 397 272 953 43 95 551 554 462 896
52 997 749 58 671 342 220 985 155 956 142 225 719 251 611 31 800 251 91 275 212 312 231 467 425 241 31 751 953 802 481 411 385 127 415 921 648 71 491 253 145 207 576 446 963 102 60 950 544 542 428 442 582
78 817 797 483 583 290 759 3 810 123 625 94 546 944 136 628 377 558 601 153 188 976 743 458 824 147 569 558 205 370 464 373 27 94 315 407 406 363 98 447 553 180 396 289 467 733 93 105 762 777 895 531 617 91 474 234 142 617 85 517 642 714 170 68 414 272 52 324 693 973 120 634 761 920 897 234 115 806 862
101
HAPUS 6
HAPUS 28
HAPUS 12
HAPUS 2
HAPUS 20
HAPUS 9
HAPUS 34
HAPUS 29
HAPUS 7
HAPUS 11
HAPUS 4
HAPUS 1
HAPUS 1
HAPUS 4
HAPUS 44
HAPUS 61
HAPUS 2
HAPUS 2
HAPUS 20
HAPUS 70
HAPUS 5
HAPUS 1
HAPUS 3
HAPUS 2
HAPUS 3
HAPUS 3
HAPUS 37
HAPUS 4
HAPUS 15
HAPUS 13
HAPUS 1
HAPUS 1
HAPUS 2
HAPUS 5
HAPUS 2
HAPUS 9
HAPUS 2
HAPUS 9
HAPUS 3
HAPUS 63
HAPUS 1
HAPUS 71
HAPUS 7
HAPUS 4
HAPUS 2
HAPUS 5
HAPUS 1
HAPUS 2
HAPUS 10
HAPUS 15
HAPUS 13
HAPUS 30
HAPUS 38
HAPUS 2
HAPUS 6
HAPUS 2
HAPUS 15
HAPUS 11
HAPUS 9
HAPUS 70
HAPUS 3
HAPUS 3
HAPUS 15
HAPUS 7
HAPUS 9
HAPUS 8
HAPUS 1
HAPUS 45
HAPUS 9
HAPUS 2
HAPUS 4
HAPUS 8
HAPUS 4
HAPUS 9
HAPUS 66
HAPUS 3
HAPUS 37
HAPUS 4
HAPUS 1
HAPUS 16
HAPUS 1
HAPUS 9
HAPUS 3
HAPUS 9
HAPUS 1
HAPUS 1
HAPUS 8
HAPUS 38
HAPUS 29
HAPUS 62
HAPUS 6
HAPUS 2
HAPUS 9
HAPUS 21
HAPUS 29
HAPUS 1
HAPUS 1
HAPUS 36
HAPUS 22
HAPUS 12
EVALUASI