2
2
1
4
3
8
4
6
9
12
12
1
7
12
16
5
4
17
17
13
21
6
10
18
4
8
18
13
13
11
27
31
26
11
24
11
22
4
16
9
9
14
28
32
43
18
4
15
42
4
28
32
43
6
44
42
24
24
28
52
8
49
23
4
23
63
7
37
20
15
68
14
68
57
51
64
10
15
60
76
29
77
29
24
37
51
4
16
60
75
65
26
33
60
79
1
42
34
49
43
21
61
95
12
5
63
70
99
68
23
5
11
78
66
96
21
57
81
63
69
5
80
48
48
22
28
117
62
123
37
124
63
103
71
112
93
101
93
16
72
64
1
135
74
6
48
114
6
86
1
126
126
50
99
33
106
148
80
101
51
16
66
16
62
16
124
152
54
36
23
155
66
7
101
165
49
38
7
94
33
33
33
88
128
98
129
156
54
64
33
1
181
8
1
153
1
95
165
180
95
181
22
30
168
10
134
142
122
156
31
190
1
201
52
159
65
194
1
195
195
1
54
117
164
90
200
165
118
90
203
90
13
101
80
102
223
172
69
13
28
57
13
229
214
13
199
39
75
100
60
60
135
184
90
207
1
104
78
127
155
14
52
179
233
250
107
41
159
218
95
172
81
199
185
200
173
110
262
187
81
180
248
135
164
64
126
53
14
225
186
274
33
197
182
240
229
140
67
116
55
219
87
203
203
133
238
104
176
196
43
191
88
106
56
297
201
33
233
166
196
196
108
237
267
183
1
199
209
258
168
126
91
202
276
316
45
214
228
188
128
321
15
206
283
146
284
1
94
131
177
288
94
332
238
224
316
75
213
95
198
95
153
217
200
268
95
326
219
1
235
1
252
236
275
253
1
171
157
239
188
207
39
173
190
51
211
19
1
68
144
1
128
351
69
54
272
199
240
148
54
379
276
201
277
71
21
89
339
89
153
111
154
390
329
344
371
230
251
346
21
137
210
233
90
273
21
257
320
320
384
180
258
277
236
196
1
215
181
364
140
217
182
75
183
1
334
400
424
308
162
309
270
162
76
47
47
208
189
381
344
436
165
190
120
415
415
441
120
192
443
78
350
445
389
420
447
259
448
448
193
284
121
261
286
61
262
428
150
61
47
361
81
1
1
243
201
338
244
176
83
321
371
128
444
343
1
84
159
1
232
85
253
307
281
109
282
310
234
85
163
66
314
86
361
136
66
87
1
52
423
219
68
501
399
426
368
90
369
172
222
350
325
118
1
69
145
454
1
253
146
54
305
203
416
361
494
230
122
258
204
449
365
71
423
260
367
534
30
234
96
207
508
476
207
151
511
511
478
151
125
320
152
125
212
55
380
324
30
488
382
442
442
1
215
156
276
386
1
302
1
59
159
569
501
501
252
33
367
253
575
33
222
285
459
104
286
61
105
258
464
497
225
225
225
33
501
558
521
407
106
263
382
1
564
564
352
601
1
442
108
141
299
267
231
108
330
64
35
86
423
540
174
145
617
35
582
275
367
35
546
67
216
370
278
371
241
314
216
148
89
282
149
245
1
473
182
116
183
183
224
36
225
36
481
1
518
119
453
93
454
296
37
121
335
580
621
94
191
337
191
625
37
1
401
628
38
97
238
468
571
633
404
572
163
163
126
377
445
377
377
241
97
449
548
605
127
513
690
312
75
692
274
314
611
589
98
202
355
316
168
522
422
460
704
203
98
493
623
565
601
462
670
98
713
131
393
75
207
99
572
633
324
99
1
135
400
400
287
369
508
729
100
688
643
643
477
734
691
177
289
479
259
514
625
100
651
100
76
293
554
139
139
1
77
597
40
1
143
525
343
187
187
715
420
761
457
530
670
719
143
531
303
610
674
649
272
304
349
304
143
143
1
466
429
619
619
619
353
468
42
42
82
147
472
587
233
402
671
233
281
673
518
476
281
281
233
756
557
679
82
523
148
443
197
713
642
110
149
287
688
447
566
149
819
370
149
240
240
1
241
241
779
728
828
538
495
700
657
701
576
421
83
497
457
580
839
1
499
625
545
332
500
84
586
153
298
632
44
803
44
634
505
635
679
86
86
86
387
44
862
212
511
212
643
688
471
212
87
87
871
770
770
346
604
566
773
605
161
122
396
777
396
44
445
445
44
44
888
44
752
890
752
352
787
44
617
221
579
221
44
581
1
406
534
223
169
129
766
360
496
410
497
862
679
360
170
915
170
325
636
545
129
465
273
129
600
129
925
367
230
94
740
331
331
824
606
825
130
698
130
94
374
374
940
45
612
612
178
236
836
178
178
661
95
133
523
952
95
134
134
290
134
573
386
45
96
45
817
674
97
915
725
578
248
248
447
860
392
730
779
863
635
297
829
1
867
867
782
637
46
46
736
503
787
396
141
46
455
591
193
359
844
548
845
745
1000
885
303
1
887
1
849
799
1
196
653
49
554
308
896
602
407
965
603
707
105
968
557
862
1
710
606
663
712
765
1
107
51
820
1033
980
108
1035
1
315
525
719
670
670
415
828
671
882
153
830
884
884
567
416
416
416
570
1054
677
677
785
205
376
840
1060
205
940
481
1009
842
481
790
377
377
109
206
1016
1016
379
687
687
951
907
154
487
1
488
911
634
912
544
913
585
858
208
964
1
860
1036
696
209
276
969
385
922
111
591
1102
111
54
112
112
331
596
437
873
708
766
500
709
281
214
938
879
1060
161
440
54
603
505
604
831
604
832
660
1070
441
1071
564
284
1073
284
893
1004
443
838
838
397
284
1143
1143
785
960
785
785
338
446
399
54
966
1090
400
1019
906
285
285
970
518
1
342
342
912
521
342
582
1031
625
164
407
219
115
165
921
290
864
411
1115
115
989
925
990
222
55
414
811
293
223
996
416
1053
997
1
933
470
224
471
540
56
541
603
1138
822
1139
541
604
1141
56
885
766
119
171
1014
1214
709
544
653
891
171
1
655
1079
774
1156
1
121
174
1
175
429
1086
780
720
903
781
1167
1090
483
967
845
662
1
430
619
786
60
974
1247
1042
974
177
60
1182
125
434
624
1
241
314
437
860
628
564
1192
1192
1192
314
374
1116
566
496
126
803
1061
1200
61
243
1123
442
871
317
1
1207
128
809
875
574
940
1
877
246
1215
505
129
1137
753
1219
946
645
754
1
949
579
950
1016
1304
1304
323
508
64
1
954
387
453
65
1312
586
764
251
765
514
1099
65
1030
134
329
517
835
253
393
134
1169
1108
1329
664
1171
1038
520
775
1040
520
193
843
1
912
978
1264
256
719
600
781
194
1347
524
135
723
1
259
136
469
1193
197
197
992
1061
858
791
609
995
1285
1139
531
731
404
611
341
341
474
867
1
1004
1149
475
137
1077
408
408
1
541
1383
409
542
138
1223
947
1388
201
69
698
880
812
545
483
202
1093
1318
1169
1399
139
270
703
1322
1025
139
69
705
705
205
1
1103
1031
824
490
1033
636
1
1186
71
1
639
422
714
558
641
1259
1426
72
1346
976
278
72
719
979
1048
719
776
72
147
1438
646
843
427
844
281
1132
1210
1057
724
363
725
1
148
568
923
148
1
285
1288
1221
926
1068
1460
790
1379
855
928
1002
1072
217
149
857
573
1470
1300
1006
793
1156
74
659
437
288
937
576
438
1481
1398
513
578
74
1245
1402
666
1488
1
745
745
1406
75
1
1172
1321
1410
1410
1410
669
748
376
443
878
671
1178
1259
376
376
1509
586
1510
1262
376
522
1034
959
1266
1427
676
1267
1036
885
154
447
1271
678
590
377
154
891
891
891
970
825
526
1355
1355
1355
526
827
1449
1
77
1451
451
529
1453
380
688
1208
688
772
1059
530
156
297
1296
1556
454
382
1216
987
840
1376
1301
228
1141
910
156
1069
695
1569
992
606
781
229
458
77
1
1
1577
541
851
787
1394
1156
1002
1
853
1
1085
1005
305
464
1
1328
1405
392
1594
1009
547
1248
466
235
932
932
1014
307
622
1016
235
1513
1513
799
1
1019
236
1105
801
1106
716
625
625
1187
163
554
398
1432
398
1356
237
947
237
1437
1031
400
1032
1278
725
812
313
237
1445
237
1202
1447
728
884
816
1644
1287
1205
1551
237
83
1454
238
819
1131
638
1045
1295
1295
83
963
566
1048
566
1049
965
566
1665
1141
1051
566
643
1473
968
1575
407
319
645
1399
1478
971
568
1313
972
972
742
1233
1317
1062
831
831
239
1592
165
1491
1491
1
649
1414
907
1
1600
1326
1417
1326
650
412
491
1329
574
242
913
1332
85
1333
1333
1169
1250
988
168
1
86
1516
1720
658
757
1518
993
86
580
418
329
761
329
1631
663
1732
500
1350
1350
764
764
1352
329
1004
1004
421
247
1
248
669
770
936
332
1
1364
1364
249
773
427
1549
1756
1756
1656
1549
1109
88
1369
870
943
870
88
776
1665
1115
1022
1667
872
336
251
175
1295
1483
514
951
432
600
878
878
955
515
1034
515
338
1225
1495
516
959
786
1134
604
1
1501
434
963
1
254
1589
1698
254
1699
1141
521
967
692
342
254
1705
523
343
1
525
1815
800
1247
1247
178
1332
1714
801
801
526
526
1718
345
981
981
1
528
1
1832
807
1163
1163
529
909
706
1166
1265
1732
1732
1350
258
1844
1734
810
707
180
349
1629
627
627
627
1273
1549
1855
1744
1174
627
259
1
1748
534
1278
1278
1454
1000
1455
94
1868
821
1181
1647
821
1459
535
632
719
261
1764
452
930
261
1189
1094
1094
538
1192
261
355
638
355
182
1388
356
1301
1301
834
1302
1897
834
1784
1103
1201
1305
1486
1677
1019
1790
1
1105
95
1909
942
545
1
359
1110
265
360
1800
1112
1801
549
1113
1803
1215
737
1805
1413
649
265
550
1809
96
1507
1
1418
97
97
469
1937
469
958
657
1227
1941
269
960
470
749
856
470
1431
1523
857
269
1048
1342
1048
1
662
1956
270
1724
1531
562
369
369
1054
1535
1645
1965
1054
564
865
865
475
1249
1058
866
190
566
979
979
1547
1255
1659
761
1549
1982
190
671
272
98
273
570
570
1263
570
1670
1072
988
1
1074
1268
1763
1268
375
1879
99
483
1
575
377
485
1571
2008
1571
2009
1479
1774
1572
777
1276
1689
1388
1
2017
778
277
579
101
1695
1580
1
1902
1
382
1583
491
584
198
1008
1909
787
1705
1495
898
2037
1707
898
1011
1098
898
1012
1501
198
1408
198
1
1924
104
791
699
1927
1603
2054
1928
1106
1302
589
104
1
1513
2061
1934
105
1935
1110
703
797
203
1732
1518
798
391
1828
1115
594
1737
1619
501
1117
289
708
1031
596
1625
1839
1121
709
1841
709
1323
920
1035
709
1632
502
1127
502
392
810
1130
1040
1040
203
1041
1857
713
1042
1452
927
203
291
1239
1456
1650
1239
1045
1
204
397
1347
106
1244
398
1562
205
1661
721
512
205
1566
1566
1883
296
1
107
1569
1152
826
207
1890
1
300
1892
208
1258
1157
108
1063
731
731
2150
1065
521
209
1164
620
1810
1068
1
1167
837
1691
304
1169
955
736
956
1172
1499
210
210
1501
2171
526
2043
959
1388
526
2176
1
2177
1284
1926
110
528
1
1287
2053
1511
847
1612
2056
213
1085
2058
848
1291
1937
848
417
969
531
970
1847
417
634
111
1299
418
311
1853
535
535
1303
639
2078
858
1
1306
2081
536
1201
2218
536
861
1422
1865
861
1964
215
643
421
1543
2093
1543
761
1646
1315
1109
112
1649
1430
1754
422
216
1979
991
2106
112
2107
1114
316
766
316
767
1557
1219
217
317
1560
1120
1992
112
218
1122
1333
1
772
1671
2126
879
1568
1568
1125
1003
772
880
1454
2134
1232
1341
1456
1576
1683
772
655
2014
1007
1579
1579
1344
655
1796
431
431
1134
2151
1693
776
320
1928
320
2028
2028
113
1014
779
1806
2303
1354
321
1
436
782
782
1476
436
322
437
322
1
439
2175
323
1257
789
440
222
905
905
222
673
1612
793
1160
1493
1725
325
568
675
115
912
676
1839
115
2339
224
1274
224
2070
1971
1735
916
2346
224
1171
115
1279
2077
1
2210
682
1174
1852
1852
226
333
1396
1636
807
1637
1988
1
578
1
1991
1
688
1
1291
689
1996
2374
581
690
581
1526
581
692
230
1
339
1300
1876
1192
584
1193
1303
1418
939
2013
2249
584
2014
459
121
1072
1665
232
1424
827
1310
2403