4
7
8
9
7
6
4
9
3
5
16
16
5
19
12
1
4
17
9
1
19
1
15
19
18
28
20
21
34
9
22
16
22
10
38
21
13
39
27
27
27
38
8
14
37
20
42
19
47
1
27
15
12
11
23
8
36
19
18
57
7
50
1
14
57
10
22
43
31
13
45
10
17
43
70
66
28
21
1
22
65
47
79
84
38
30
1
75
29
16
35
12
12
61
99
10
90
46
83
101
19
13
65
35
13
67
98
13
90
90
68
1
42
104
112
32
103
14
95
81
66
44
98
112
92
74
127
93
128
115
1
15
103
103
116
42
135
31
12
133
12
99
17
74
137
69
150
46
64
17
114
53
115
66
116
116
88
138
12
89
12
60
19
92
50
115
93
1
108
63
20
120
148
40
121
133
40
98
76
54
1
87
127
117
1
95
22
144
1
180
81
39
182
147
191
59
59
125
1
40
86
47
105
1
116
116
145
88
56
64
56
188
149
76
48
105
212
18
205
42
189
79
86
117
50
18
229
174
195
1
196
89
149
113
28
237
28
238
165
1
223
85
224
154
65
86
65
20
1
49
211
90
144
245
49
163
101
135
21
227
115
128
262
115
50
152
32
117
51
21
119
176
64
177
231
146
120
137
180
86
138
237
272
64
76
218
285
110
153
287
88
254
111
290
188
111
111
88
64
285
103
64
161
64
105
52
291
33
267
66
306
219
82
270
201
82
168
1
83
67
292
304
206
113
319
160
173
296
143
210
67
114
114
67
130
329
276
101
67
278
22
169
35
242
56
296
70
56
223
92
123
22
289
249
249
322
336
124
306
57
22
161
355
230
37
59
145
197
314
76
22
302
115
148
352
304
115
369
263
322
322
149
344
203
170
170
224
268
268
99
351
330
77
22
1
23
372
249
80
358
63
376
251
23
42
379
124
303
215
83
23
402
345
203
284
387
43
127
146
23
186
263
186
315
44
129
149
294
23
320
320
190
363
269
23
170
89
351
368
152
172
302
115
303
415
173
416
71
237
116
402
199
135
156
363
445
337
310
365
116
263
71
451
313
71
265
229
159
181
374
118
92
71
271
1
424
121
1
212
95
25
146
190
49
191
75
219
75
455
247
171
171
222
149
482
416
268
127
99
399
253
99
49
76
469
177
25
452
472
203
155
380
1
324
261
156
234
356
327
103
51
329
1
27
441
27
309
333
395
287
366
366
138
311
400
82
108
189
27
292
27
56
407
56
319
168
346
463
194
56
444
413
495
1
468
382
57
28
325
116
502
302
254
149
527
90
305
58
332
306
58
511
288
28
462
537
153
538
310
179
233
568
179
234
207
544
492
1
208
208
1
1
442
498
156
31
184
323
31
447
558
98
126
276
327
418
64
308
420
387
277
188
331
161
189
250
220
99
128
253
285
285
191
128
558
128
31
344
100
1
131
510
260
1
620
328
170
102
446
571
571
626
232
102
354
298
265
602
334
390
265
358
265
265
551
233
528
553
553
643
172
396
1
1
364
618
399
593
430
69
400
400
468
598
105
1
70
471
602
345
472
604
36
71
606
547
275
514
671
671
575
440
275
674
142
675
276
518
109
678
277
143
557
109
355
484
355
355
355
214
626
71
385
660
322
215
36
457
494
283
146
390
1
539
252
73
393
253
253
608
148
332
435
369
398
37
587
587
438
1
552
439
371
115
1
723
594
556
442
726
224
224
518
39
153
562
732
340
701
39
154
635
672
449
78
119
741
708
451
1
413
745
1
712
41
41
41
124
751
616
497
617
617
687
577
535
83
237
621
237
727
275
163
624
766
41
394
164
586
543
164
702
41
165
546
546
469
85
743
166
85
745
41
746
41
365
131
677
600
643
41
220
171
252
88
722
797
605
441
41
725
411
652
134
609
331
767
331
611
89
89
377
530
449
333
450
1
702
1
819
1
704
536
536
299
707
454
382
44
540
789
752
752
424
833
675
338
1
503
716
385
181
546
181
341
637
591
181
766
806
549
687
389
550
852
304
853
690
265
391
856
435
94
182
777
695
267
438
473
1
268
561
654
743
268
744
143
351
269
658
524
749
184
239
879
661
797
752
882
402
1
185
617
241
450
405
759
405
849
96
96
535
578
490
536
454
676
359
858
1
360
147
680
458
821
733
496
458
824
735
361
914
278
362
245
1
463
49
281
99
506
923
923
693
924
554
49
1
601
697
330
330
284
754
101
373
702
801
702
101
703
760
252
761
375
252
430
335
708
154
50
862
521
290
909
254
50
714
199
156
257
439
200
440
579
625
781
156
723
531
156
50
971
726
1
788
444
975
158
1
52
634
588
160
795
352
1
161
210
690
897
210
989
594
161
271
161
547
53
856
162
857
404
1
110
110
812
277
863
605
814
554
514
365
1
609
709
1013
871
166
821
1016
1016
219
926
559
467
1020
368
468
55
281
281
167
934
221
883
1
419
528
168
168
477
726
168
225
1
780
226
781
535
535
1044
1044
169
847
847
633
633
536
581
737
169
537
483
962
740
740
334
334
913
796
429
486
169
114
644
114
866
1024
591
803
868
545
295
388
338
57
1
437
173
58
758
174
879
58
395
58
1
883
346
819
714
1047
120
120
663
1050
1
824
1100
949
949
1
507
350
827
1058
243
954
773
61
774
831
669
452
123
1018
834
1
617
570
965
1
312
676
620
312
410
185
1
186
520
1083
520
360
919
580
414
1
127
65
1
1042
254
365
365
66
1
423
423
256
1050
992
863
934
1155
131
995
1157
193
193
131
131
999
429
261
430
374
602
602
195
330
433
487
770
1010
433
67
716
1
264
436
956
379
133
265
614
265
382
891
68
669
669
617
1192
1090
1193
498
68
672
499
499
843
791
1200
674
499
338
338
565
501
200
909
627
742
984
984
911
135
201
855
135
570
1053
746
1117
1054
746
1
506
1225
272
1058
344
203
1
454
1181
204
693
512
756
640
204
819
1069
513
642
821
70
1
583
206
646
584
766
1145
1016
1146
516
139
1018
1149
280
207
1
1152
1021
1
405
835
1090
1157
891
356
406
593
356
594
209
1223
957
526
141
1034
409
1228
141
845
286
784
1232
286
723
412
412
668
533
1
1180
670
792
913
1116
605
413
1246
915
1052
1120
731
859
535
142
213
415
364
736
865
986
1259
482
987
540
803
364
1
542
214
214
1324
1268
618
75
810
368
422
293
748
75
145
691
550
425
1220
626
1
494
756
1087
1010
1287
889
553
1159
553
372
146
297
374
955
498
763
76
1357
958
559
431
834
560
1304
767
1027
1245
639
1308
837
76
966
1249
76
641
1112
641
1113
641
433
911
714
775
1
1260
846
715
223
778
778
1
506
921
1198
380
568
782
782
1052
437
224
78
1401
1341
1055
785
510
382
78
863
933
1348
1142
996
1286
726
1
935
79
1219
514
657
1002
1150
514
731
1
229
942
1007
445
734
1231
661
581
801
517
1373
1013
582
80
1311
388
805
230
520
520
520
157
589
449
889
889
80
591
963
391
1099
892
892
1
525
1034
392
595
81
527
756
1403
316
1040
1405
160
529
529
317
396
1
1117
318
1274
830
318
534
318
1
768
237
1486
988
1
837
1057
538
1058
321
1059
1059
1134
1291
918
839
613
1435
404
1295
238
1223
163
1506
323
924
1300
1226
1510
1000
239
163
1145
1305
619
780
1072
163
1453
1520
1
474
1075
709
85
85
1315
1
625
330
1243
415
938
858
330
1162
245
86
1326
1250
1407
1541
1250
1019
482
631
1331
246
1
247
485
561
1026
1
1338
1487
1097
637
1489
802
1263
336
88
729
729
1346
956
249
1498
1183
1
490
1434
732
89
961
491
340
1
736
429
647
817
1582
252
888
648
1
1448
574
1588
343
1367
343
1
434
1126
895
1
1373
747
655
579
1297
1297
1131
749
1604
1
901
94
1383
1215
986
257
987
752
904
179
1141
1616
990
990
505
1394
906
1395
179
755
350
507
996
1150
757
911
1322
664
1235
912
259
1
1156
1328
1086
1500
1500
589
667
1
1503
1645
1415
510
261
1162
919
354
1009
1510
1338
766
1010
921
1
1169
355
448
1518
1429
1663
769
355
856
597
449
1261
598
930
1671
1601
182
97
97
1266
1441
862
934
681
1027
1681
1361
1185
1538
681
265
453
780
97
97
1120
1454
97
942
97
607
607
188
1126
608
947
1128
1
1129
1704
1558
189
98
367
1469
190
880
696
1565
954
1049
1137
532
955
1647
532
1052
698
98
1219
1219
1
1
1655
371
467
620
1059
1582
537
1661
193
1061
706
468
707
968
539
896
1322
372
709
972
540
372
974
974
813
1507
1601
1507
1075
901
193
1758
1605
471
1606
1246
815
629
279
193
1692
1250
193
1251
819
1520
1616
376
1
1178
1346
634
1
823
1527
1181
283
1626
1709
1260
1
1787
1787
1628
1
826
724
480
1716
1450
828
725
553
553
1191
641
197
481
286
197
287
287
931
1199
104
735
1373
1467
288
1010
1111
288
1739
1205
104
104
1742
1380
490
1660
845
391
104
201
104
1829
1294
1751
943
1020
1668
657
1835
494
494
293
293
1576
496
1128
1128
1026
396
1027
751
663
952
396
1850
1586
202
1136
104
755
578
203
1410
1
1411
669
297
670
1414
1864
581
1699
1866
204
402
673
765
1703
1045
1150
673
583
204
876
506
1426
1525
204
1614
973
105
301
406
976
510
1
511
206
1811
1262
1724
777
1263
1815
684
1539
1899
106
1729
594
594
687
1351
1171
1906
594
1353
987
1173
1828
783
1912
1356
1551
207
595
895
895
1645
785
595
1
1922
1181
1
1077
1
1184
900
1755
598
790
1081
1567
1658
1289
1373
517
1937
1661
903
696
1857
1766
1084
1192
1475
210
793
1863
1380
697
1087
1866
907
309
698
1385
1
310
700
1487
1874
1782
1304
799
310
310
605
1206
211
1494
420
211
1792
608
211
1975
1021
1601
1890
1021
1979
1797
1213
1104
1799
1895
1984
1696
313
1605
211
1803
611
711
1902
1218
811
529
424
1221
1327
713
1414
613
613
1815
314
1619
1115
1332
817
1033
933
314
1336
934
1425
1337
818
2016
1528
615
426
1429
110
617
939
212
110
824
2026
110
1241
110
1047
621
1048
319
2033
1845
1544
1945
1246
1135
1848
946
1651
215
1051
1447
829
948
829
540
1
1659
730
1756
321
111
543
628
2056
1560
1866
436
629
629
111
1065
1265
545
1974
437
1465
1875
1067
962
546
1677
1379
1982
437
111
1777
1071
1986
1472
1885
965
324
846
1276
111
111
1994
2089
2089
969
1786
1893
441
552
748
1170
221
1171
2098
852
1793
221
2006
2006
1397
1287
1699
1489
1173
1490
2012
1490
642
221
1492
1706
555
1707
1493
221
330
111
222
860
1181
2026
1091
1923
1409
332
332
862
450
760
1096
2035
1507
332
1508
332
1417
332
1728
222
655
993
1421
1102
1628
566
1423
1630
222
2152
871
996
2054
2155
1199
996
111
2158
1524
1953
2160
1845
223
873
1
874
1433
1
1
1324
662
1
2171
1754
1005
1327
2073
1327
1005
340
1970
1006
879
1654
227
880
1216
1123
1335
1978
115
777
1125
115
1339
577
1456
1456
779
885
1458
1880
1015
1015
1559
779
229
229
1784
1562
1229
467
2000
580
115
1232
1352
1137
2216
1137
1471
673
346
1796
1796
1023
2121
2012
1140
1238
1140
1577
2016
230
2231
1694
894
1025
470
2235
2021
347
230
586
898
348
2241
1811
587
1249
1813
230
1489
1
350
2249
350
1492
231
2149
1493
1821
1037
1494
1714
1377
905
116
1158
1258
1258
1
480
233
481
691
1387
2270
481
1388
2168
1
693
693
1841
355
916
2279
1952
2063
2063
2282
1843
2178
600
1844
1618
2287
1845
1618
483
696
483
2186
2293
1961
1621
355
1274
1519
1274
1854
1400
1521
355
699
118
1058
118
1526
701
1753
118
820
1282
1182
1868
488
1639
1870
1411
118
1
1413
1536
1065
1537
360
239
1289
707
2222
1541
826
1998
1772
1999
1542
1885
239
119
937
1888
494
938
615
1779
1659
711
1076
119
241
2014
241
1553
1899
943
366
715
1556
1204
2137
2022
1904
1904
2363
2024
715
1792
1
499
1437
2029
1561
1085
948
2373
1677
839
1440
2376
499
2154
1916
1088
1803
1803
1088
1443
1
243
1571
1090
1687
2281
1
1091
