3
4
5
2
1
1
7
7
11
10
5
2
9
2
13
10
7
9
16
22
21
6
24
8
14
22
26
2
26
23
19
34
15
12
12
33
22
39
37
38
1
29
9
30
19
18
44
46
49
29
50
1
21
17
44
15
37
56
17
10
29
29
13
38
19
57
10
4
15
67
64
34
20
16
63
66
24
24
68
21
15
11
10
17
52
20
20
31
81
70
68
61
52
70
4
83
53
13
4
14
24
21
4
64
53
15
103
15
51
63
56
107
49
98
90
28
47
59
102
89
74
95
95
68
4
48
98
42
29
87
87
16
64
4
31
17
43
117
121
129
117
103
109
103
93
1
64
5
71
82
90
34
111
83
112
1
137
132
102
114
155
52
135
74
143
159
65
52
106
146
146
106
6
166
141
161
1
20
133
73
80
50
34
20
1
59
107
36
118
1
182
37
176
164
9
9
74
39
124
47
60
67
153
143
174
47
155
118
89
85
201
171
61
121
24
150
87
123
62
165
40
1
41
140
140
118
91
51
210
187
92
10
222
222
222
10
53
27
166
112
180
195
206
180
222
167
70
168
10
184
10
99
82
46
205
101
233
46
175
235
58
192
97
177
224
122
85
75
58
87
76
119
102
248
120
186
102
169
29
103
103
172
192
159
103
1
260
37
1
80
1
120
81
121
13
144
170
254
242
64
1
274
53
290
275
291
99
138
1
42
249
280
35
264
152
283
56
195
195
170
181
1
90
290
272
310
310
310
199
44
260
156
145
91
245
298
226
280
187
158
267
283
91
159
230
147
191
180
147
274
147
72
148
109
137
186
318
1
200
187
187
187
285
345
187
286
204
247
167
73
168
73
208
312
140
112
314
155
155
360
316
155
37
299
74
46
158
158
179
37
37
48
205
64
290
330
290
48
357
80
164
17
315
81
152
363
152
123
153
299
1
193
50
39
258
258
258
109
174
376
286
109
39
52
404
177
381
290
39
226
161
39
294
412
18
295
269
74
323
74
40
272
166
301
154
40
374
425
1
426
212
256
403
237
19
189
336
281
170
311
240
120
365
241
285
78
59
142
161
42
290
349
162
397
291
19
324
427
378
353
292
144
249
99
145
358
274
125
1
228
44
184
302
392
336
444
417
148
83
102
208
129
371
399
261
261
426
20
103
20
312
238
1
489
461
66
380
156
179
294
242
413
242
66
441
500
180
357
244
389
47
275
198
21
449
199
109
21
224
110
308
140
487
369
309
91
204
311
204
406
374
312
526
286
49
142
49
21
380
345
94
318
115
449
94
477
477
116
212
172
453
323
296
239
196
485
72
50
328
174
523
243
118
398
151
558
399
73
436
119
221
50
471
367
535
179
568
74
569
503
406
571
475
121
506
506
252
181
74
479
579
1
580
228
158
287
123
1
289
554
517
231
124
488
261
187
52
23
423
295
235
53
330
164
391
331
392
237
572
299
573
299
434
505
79
612
1
436
166
337
581
129
303
54
196
168
443
108
276
245
345
553
345
309
410
24
1
311
110
110
231
456
456
231
173
316
388
535
56
285
462
462
174
423
174
542
255
56
137
290
25
397
622
86
431
178
178
57
115
435
115
297
181
245
559
181
528
561
25
675
599
88
1
59
565
304
271
90
90
273
273
121
539
121
540
26
276
91
152
499
228
696
424
547
424
192
123
461
260
123
704
154
554
508
429
429
466
396
512
467
467
637
195
716
233
195
517
154
26
362
644
473
473
571
92
690
92
524
328
291
238
292
292
480
369
369
582
238
583
483
271
92
414
92
159
589
539
374
670
128
338
61
543
755
26
544
162
422
245
279
26
246
163
604
63
307
465
465
688
248
248
63
432
210
470
250
739
353
512
435
742
473
392
26
313
569
394
477
439
355
440
313
523
481
755
755
577
524
441
134
1
168
528
292
445
27
586
531
723
723
1
447
687
402
534
362
216
216
731
1
171
733
407
407
825
323
736
827
218
368
544
602
740
602
501
29
69
744
69
664
461
141
414
800
609
29
304
752
266
714
70
376
468
70
675
225
760
720
857
225
516
1
860
472
472
380
336
768
179
769
145
145
869
109
146
276
109
147
1
1
576
576
531
346
880
578
436
640
436
534
280
437
704
149
188
111
539
492
649
755
895
895
540
756
150
1
758
285
240
715
328
401
546
112
192
598
866
242
768
289
550
74
33
33
604
76
454
454
76
509
33
295
560
675
366
884
295
248
831
158
564
788
617
891
249
77
463
684
250
372
250
623
301
798
250
753
847
33
1
627
574
908
202
695
957
471
426
912
378
351
305
963
531
121
813
766
532
121
163
355
640
433
384
355
589
589
355
386
121
356
876
34
781
781
937
389
832
651
165
311
835
122
1
81
446
789
550
35
82
448
213
953
1003
35
450
847
214
367
958
452
367
800
453
401
905
171
615
907
1
805
969
269
370
1
567
973
129
372
1028
513
513
408
625
751
85
752
1035
982
219
516
410
37
375
274
877
632
274
37
693
993
1
582
471
1051
88
88
938
767
939
180
225
88
1059
1
337
1061
337
591
387
387
89
138
389
1
285
139
139
1
956
91
289
436
289
493
661
962
234
398
964
348
290
1031
665
795
189
552
1091
189
798
402
669
974
500
923
500
189
445
926
980
980
926
502
559
737
984
807
737
141
676
41
740
622
561
623
295
1119
295
625
92
92
92
1124
410
145
1126
195
195
301
896
514
897
92
1133
756
954
954
1
247
575
902
147
833
760
961
834
248
1146
248
520
1092
42
464
967
911
911
1097
644
308
767
42
705
916
1034
149
373
201
311
979
587
587
311
201
852
713
853
472
149
430
42
593
659
1180
431
535
1054
1054
595
722
203
256
1188
433
725
381
1001
316
203
541
203
1
319
732
949
672
1
1144
152
607
44
322
207
1149
610
808
1079
99
1
492
393
325
448
964
964
1026
814
448
1
816
618
749
101
450
898
1035
211
500
900
1234
1234
157
329
902
453
503
101
454
454
158
271
271
271
271
214
272
461
837
1251
101
462
839
46
274
1256
518
922
642
274
465
465
1129
1203
1066
716
584
341
780
216
1071
648
413
275
650
1140
216
651
46
1279
1218
277
859
1220
472
161
655
46
1084
279
1226
1023
1227
349
1
47
1026
351
351
221
1
1094
871
1
223
541
667
108
49
1101
225
1245
288
879
962
879
488
748
433
1
1319
490
360
50
1
228
755
228
554
171
1328
1119
1329
758
758
496
759
556
827
1335
1125
1125
496
1338
112
172
112
1275
443
561
173
369
1069
1134
630
693
369
694
1285
564
503
173
504
914
234
1144
234
1
302
113
640
849
113
376
1087
1369
511
454
52
377
927
1231
1
115
53
713
649
932
860
53
861
1316
181
862
716
863
519
117
117
521
53
721
721
588
1113
313
1399
589
724
313
387
525
313
1187
388
812
1189
313
595
1
1192
815
732
471
471
669
1273
888
314
185
1276
1054
1277
1134
315
822
185
1360
893
673
535
674
1141
826
394
827
536
744
249
119
186
1149
747
983
1446
679
319
985
1224
1
1
682
542
121
990
754
991
754
1
57
1235
1
845
687
546
257
1240
618
761
1400
850
1322
690
58
258
1096
1096
549
193
929
1099
1008
125
1484
125
331
553
411
1337
627
1189
627
125
125
629
125
497
58
1267
779
1
1269
1502
780
1270
560
1
1354
1272
128
636
636
338
637
1442
715
1
954
954
716
269
882
1130
1522
340
1523
1451
883
422
641
641
567
567
506
1046
724
203
800
423
1381
1
894
1
1540
131
426
512
1543
1149
898
806
731
131
274
131
1155
1551
1
132
1064
1064
1555
656
984
1318
1247
737
580
1068
580
431
1564
132
1492
741
1
820
279
1496
993
1258
279
663
65
918
746
1420
1579
1420
436
999
1338
213
213
828
438
438
751
1344
1089
1005
438
529
134
929
530
1278
595
674
65
440
1602
135
533
1444
1358
1284
359
1
1361
601
1201
360
66
846
218
538
1456
1109
1619
605
1370
849
218
1210
947
687
289
289
1031
1629
1629
853
1216
137
1557
66
1
1035
776
544
1638
139
778
293
1314
1566
1127
861
293
1317
222
863
1131
294
1132
864
1576
617
67
1656
1048
1237
967
374
551
67
67
553
1
1587
706
1667
1
975
463
626
378
978
557
557
227
713
1345
69
380
1514
1425
1156
1068
1349
1685
632
1607
1607
884
301
1352
987
1072
1434
803
1614
69
69
888
635
69
1531
1702
1
1
809
1623
893
1364
1
307
811
725
234
234
1451
899
1
1372
900
310
235
645
731
1723
1
481
1379
821
312
1381
312
312
736
650
826
484
914
1736
312
74
1108
916
1476
1741
237
1393
74
918
742
1481
1575
742
920
74
1116
1669
402
402
239
587
239
318
239
663
1761
1124
319
74
1219
157
1042
157
74
74
1770
1045
1771
1328
1225
159
1690
245
326
1423
672
159
1425
853
673
854
1140
763
74
1142
1703
1789
1519
1519
1055
1238
674
1618
1618
417
1797
1797
858
1798
1146
328
859
859
74
509
605
1444
1628
161
161
1355
331
1811
512
1
332
868
332
962
1362
686
162
426
1365
1822
872
1
967
1646
1550
334
76
1464
1650
1081
1465
1555
1
77
1467
1751
1838
619
1084
256
1376
77
524
339
1565
77
1566
435
884
884
884
77
1671
885
1855
1768
1
1482
1674
627
1575
437
1576
1484
704
530
170
799
1868
261
707
992
261
632
1293
1786
994
1400
1198
1878
1878
78
1693
1296
710
1404
171
997
1299
1299
442
900
900
1890
1703
1891
1411
171
1510
171
349
1807
1414
1003
1710
171
1
1610
812
1714
267
813
1519
79
1909
1421
1125
1009
1912
79
450
174
546
174
647
820
271
548
1627
453
650
1733
1629
357
79
1327
358
272
733
1932
1142
1933
1142
925
359
272
1847
1938
656
272
1030
1338
737
1645
361
1945
738
1151
79
1948
462
1344
1247
559
1346
1459
1
560
1763
1866
1657
1764
177
464
1463
939
562
1567
1770
666
177
1162
1666
177
466
1259
669
945
1
1474
1781
367
567
278
853
568
951
674
757
856
1176
856
1485
1899
1485
278
470
957
81
1063
471
959
1492
860
179
2003
280
1
1602
373
1070
1286
1499
1070
1
1919
1919
683
767
1503
1611
683
1710
1710
968
577
769
1294
282
1
1716
579
772
1081
1299
376
580
689
376
978
878
1628
979
182
1946
582
182
1524
1524
1950
1309
84
1214
286
585
696
1530
1417
183
381
1854
1961
1743
1
1856
487
1
1422
488
1748
185
993
290
593
1227
593
1975
290
1976
491
1108
708
708
899
1111
1333
491
798
1335
1335
1335
386
902
386
1883
2092
903
1241
1772
1772
1562
2097
1007
903
1
904
599
713
2103
906
291
2105
714
805
1898
1684
714
1252
291
1353
1788
87
497
292
1791
1132
604
187
1582
1259
1913
1696
1134
916
2027
1585
605
1700
87
1026
918
722
1266
188
501
1268
188
1595
2040
395
503
1482
924
1816
924
87
925
1819
1819
1378
87
1719
505
505
928
87
1608
1492
929
732
1950
1156
398
2064
1729
507
299
1047
1
2069
300
1838
88
1393
301
1962
193
1505
88
2182
2182
1624
1624
625
514
1626
1398
1627
1851
1168
194
744
1170
1631
1856
1299
1980
1170
406
1058
944
1303
1303
1303
628
1060
406
1642
842
406
194
844
88
1311
1419
408
1182
1
409
753
2221
307
1881
1425
1656
1
755
1658
90
1189
1189
853
309
1545
1664
1076
2018
2018
1433
1547
309
1077
309
1899
641
1796
309
1438
1553
1674
1197
1554
1907
198
762
1333
860
968
417
861
763
198
418
1449
1089
2265
1
1689
647
1922
647
2270
199
313
978
421
2170
979
1215
1697
1930
1930
313
2060
313
2061
1461
1828
872
652
91
541
1582
1833
2187
314
542
1707
1707
1944
1944
1584
877
1709
2196
1585
1468
91
779
1951
91
1589
427
1110
2312
2087
2087
2207
1717
1110
1
1231
993
782
1369
1
783
2324
885
997
1727
661
93
2329
430
1486
888
319
431
1003
205
93
1126
433
1384
668
93
555
1130
1252
1389
1501
1252
207
671
1624
2243
1991
2124
1991
93
1992
672
672
1994
93
1888
673
437
1398
2365
1017
1759
559
1262
2260
559
906
2372
1264
325
93
1900
1266
1
807
2012
1
1904
2272
563
212
95